{
 "cells": [
  {
   "cell_type": "code",
   "execution_count": 1,
   "id": "930ef6d0",
   "metadata": {},
   "outputs": [],
   "source": [
    "import numpy as np"
   ]
  },
  {
   "cell_type": "code",
   "execution_count": 2,
   "id": "5d063a26",
   "metadata": {},
   "outputs": [],
   "source": [
    "a = np.random.randn(5)"
   ]
  },
  {
   "cell_type": "code",
   "execution_count": 3,
   "id": "07a0571d",
   "metadata": {},
   "outputs": [
    {
     "data": {
      "text/plain": [
       "array([-0.38239917,  0.0264644 ,  0.01136627,  0.8113693 , -2.13492063])"
      ]
     },
     "execution_count": 3,
     "metadata": {},
     "output_type": "execute_result"
    }
   ],
   "source": [
    "a"
   ]
  },
  {
   "cell_type": "code",
   "execution_count": 4,
   "id": "d9d9c8a2",
   "metadata": {},
   "outputs": [],
   "source": [
    "expa = np.exp(a)"
   ]
  },
  {
   "cell_type": "code",
   "execution_count": 5,
   "id": "71be0407",
   "metadata": {},
   "outputs": [
    {
     "data": {
      "text/plain": [
       "array([0.68222267, 1.02681769, 1.01143111, 2.25098815, 0.11825398])"
      ]
     },
     "execution_count": 5,
     "metadata": {},
     "output_type": "execute_result"
    }
   ],
   "source": [
    "expa"
   ]
  },
  {
   "cell_type": "code",
   "execution_count": 6,
   "id": "e66e1a89",
   "metadata": {},
   "outputs": [],
   "source": [
    "answer = expa/expa.sum()"
   ]
  },
  {
   "cell_type": "code",
   "execution_count": 7,
   "id": "50ca2501",
   "metadata": {},
   "outputs": [
    {
     "data": {
      "text/plain": [
       "array([0.1340395 , 0.20174371, 0.19872063, 0.44226224, 0.02323392])"
      ]
     },
     "execution_count": 7,
     "metadata": {},
     "output_type": "execute_result"
    }
   ],
   "source": [
    "answer"
   ]
  },
  {
   "cell_type": "code",
   "execution_count": 8,
   "id": "eb8d5796",
   "metadata": {},
   "outputs": [
    {
     "data": {
      "text/plain": [
       "1.0"
      ]
     },
     "execution_count": 8,
     "metadata": {},
     "output_type": "execute_result"
    }
   ],
   "source": [
    "answer.sum()"
   ]
  },
  {
   "cell_type": "code",
   "execution_count": 9,
   "id": "750d1c40",
   "metadata": {},
   "outputs": [],
   "source": [
    "#100 samples with 5 classes\n",
    "A = np.random.randn(100, 5)"
   ]
  },
  {
   "cell_type": "code",
   "execution_count": 11,
   "id": "35544229",
   "metadata": {},
   "outputs": [
    {
     "data": {
      "text/plain": [
       "array([[ 2.78971838,  0.79124461,  3.73682742,  0.17937076,  0.59094302],\n",
       "       [ 0.90656268,  0.77490978,  0.77691864,  0.75599078,  0.56946466],\n",
       "       [ 0.25578148,  2.30300498,  0.50145854,  0.2343424 ,  0.68234799],\n",
       "       [ 0.18804763,  0.82540684,  0.20550861,  1.48236618,  4.84567193],\n",
       "       [ 4.20332097,  0.31915952,  1.54364106,  2.0327057 ,  0.73567075],\n",
       "       [ 0.31844864,  2.58704412,  3.14525001,  1.03484307,  1.60521711],\n",
       "       [ 0.2712237 ,  2.03113825,  4.19690912,  0.83646802,  6.77195275],\n",
       "       [ 1.49879085,  3.06161759,  2.96558742,  0.25736629,  1.08761043],\n",
       "       [ 0.16920935,  1.32323238,  0.29375248,  1.19220221, 10.40668582],\n",
       "       [11.21928258,  1.3579719 ,  1.85917556,  1.7743205 ,  0.67034239],\n",
       "       [ 5.78655032,  0.1741087 ,  1.07527182,  3.61858492,  1.09147242],\n",
       "       [ 1.14853996,  0.28511863,  2.06903919,  1.74021515,  1.31784076],\n",
       "       [ 0.22535504,  1.44466878,  0.98730915,  3.58427369,  0.1645912 ],\n",
       "       [ 0.5344443 ,  0.19691102,  0.6155044 ,  1.88057513,  2.88004396],\n",
       "       [ 0.32199535,  0.94756035,  1.36910333,  0.52367402,  1.05486518],\n",
       "       [ 0.3241239 ,  0.34818497,  0.23184857,  0.34606717,  0.48846886],\n",
       "       [ 0.30207415,  0.11197247,  0.26914567,  1.07671561,  0.74482639],\n",
       "       [ 0.54200399,  0.20116062,  0.14099677,  0.37223125,  0.41478964],\n",
       "       [ 0.70916174,  4.99411468,  0.90550337,  0.28176526,  2.14233609],\n",
       "       [ 1.55353647,  1.2651188 ,  0.72239711,  1.40648836,  0.40765793],\n",
       "       [ 0.55995985,  4.18696164,  0.28572561,  4.85874304,  1.89529848],\n",
       "       [ 6.71918739,  0.54077382,  0.17595346,  3.34646478,  0.86864019],\n",
       "       [ 0.75886162,  1.01172372,  1.49992645,  0.37958258,  3.45891155],\n",
       "       [ 1.19412431,  0.48136144,  1.09783823,  0.57464652,  1.2563771 ],\n",
       "       [ 0.43949662,  0.76770122,  1.47286374,  0.60463833,  3.83940471],\n",
       "       [ 0.39920839,  1.35439198,  0.65053059,  2.02297799,  0.39472086],\n",
       "       [ 1.44799375,  0.60325153,  2.42039807,  2.99216807,  0.84267007],\n",
       "       [ 1.23396188,  0.79329155,  0.10183377,  0.37814963,  0.63929278],\n",
       "       [ 2.05304647,  0.3679385 ,  0.7355489 ,  0.68176742,  0.40556056],\n",
       "       [ 1.58731793,  2.24229372,  3.0740572 ,  0.76877199,  2.81008463],\n",
       "       [ 1.22648625,  0.19052647,  4.13234543,  0.62423681,  0.64011408],\n",
       "       [ 1.20328367,  0.10865452,  1.09577759,  0.74407794,  0.41419483],\n",
       "       [ 0.59662424,  0.38016497,  1.87179652,  0.72994913,  1.99061109],\n",
       "       [ 0.39295318,  0.4071904 ,  0.45486972,  0.30769349,  1.96132227],\n",
       "       [ 0.53053627,  0.57804715,  0.74621798,  0.39073879,  2.3098086 ],\n",
       "       [ 0.43098024,  0.47606393,  0.88924497,  1.03728703,  2.64464414],\n",
       "       [ 5.45798602,  0.87946049,  0.44776569,  0.61359733,  1.24951065],\n",
       "       [ 0.98386102,  1.27542103,  2.86867611,  0.34164121,  0.83431542],\n",
       "       [ 1.0247408 ,  0.89629661,  0.20142739,  2.68185634,  0.57218008],\n",
       "       [ 0.2302302 ,  3.87968157,  2.15494015,  1.09243375,  0.83592461],\n",
       "       [ 2.19773446,  0.72142931,  0.81713094,  1.59222042,  0.2969146 ],\n",
       "       [ 1.61718611,  0.6315791 ,  1.90496992,  0.30535922,  0.87459427],\n",
       "       [ 0.21452552,  4.80465362,  0.87806981,  0.58106034,  1.69980339],\n",
       "       [ 1.42634943,  1.17242858,  3.41659305,  1.51258716,  1.09496176],\n",
       "       [ 0.81979912,  3.52552822,  2.82368078,  2.08455767,  1.39009675],\n",
       "       [ 1.92118717,  0.8570838 ,  0.68333921,  1.58122687,  1.5571607 ],\n",
       "       [ 0.27001586,  2.42177776,  0.99435294,  2.82932716, 11.36971933],\n",
       "       [ 2.06276342,  5.11305317,  7.7642068 ,  1.59897096,  3.94278586],\n",
       "       [ 0.37782818,  4.81800522,  0.71886055,  0.91484827,  1.34612986],\n",
       "       [ 0.80036051,  0.43213841,  0.52110958,  0.48444744,  0.18601992],\n",
       "       [ 1.03377206,  0.34494637,  0.58826317,  6.37716717,  1.16221941],\n",
       "       [ 0.8854766 ,  0.14064156,  0.92757877,  0.90160778,  7.71725144],\n",
       "       [ 2.01659632,  0.40820675,  8.08106082,  2.4286989 ,  1.22607045],\n",
       "       [ 0.73577551,  0.09969364,  0.53822018,  0.51531729,  0.68825617],\n",
       "       [ 1.85386866,  0.96925159,  1.33133401,  0.88782678,  1.65644487],\n",
       "       [ 0.52030225,  2.01989381,  0.7415088 ,  0.33660267,  0.83056896],\n",
       "       [ 1.66961678,  1.39801729,  1.05511372,  0.86048486,  0.36630128],\n",
       "       [ 0.80059052,  0.73797903,  3.16901966,  3.00684602,  0.19043972],\n",
       "       [ 1.87337889,  2.07427908,  2.65914437,  1.37707476,  2.22271856],\n",
       "       [ 0.48616517,  2.93526711,  0.34860529,  0.21988409,  1.87787778],\n",
       "       [ 2.85769067,  2.20066996,  0.21926567,  2.0528475 ,  0.07131229],\n",
       "       [ 2.77337   ,  0.63275102,  5.05664936,  1.1904603 ,  0.41160611],\n",
       "       [ 0.14583184,  0.10778651,  5.65496514,  0.31809493,  1.13915467],\n",
       "       [ 0.37709538,  9.72694699,  2.42335112,  0.72749981,  1.21052116],\n",
       "       [ 0.29427192,  0.33861053,  0.79663228,  0.41112871,  0.12189957],\n",
       "       [ 4.60302891,  1.48255321,  0.64949225,  1.60739647,  0.86594664],\n",
       "       [ 0.93182175,  0.30966688,  0.81897337,  2.26811182,  0.24429504],\n",
       "       [ 1.05914556,  2.63331627,  0.96394393,  5.50065802,  1.43292149],\n",
       "       [ 0.22803745,  0.95817898,  0.85180272,  9.73543785,  0.46266682],\n",
       "       [ 0.74635875,  1.23247295,  0.85022463,  0.28531742,  4.65199502],\n",
       "       [ 0.41242585,  1.7616746 ,  1.65170224,  2.34564524,  0.7913547 ],\n",
       "       [ 2.24921238,  3.98379681,  1.57339979,  2.15698767,  1.65156777],\n",
       "       [ 1.12055258,  0.79088053,  1.32013662,  2.68641593,  0.58033546],\n",
       "       [ 0.43862912,  2.06151347,  1.56737556,  1.80016843,  1.16759507],\n",
       "       [ 0.19154766,  1.34552903,  0.64243715,  4.09135259,  2.6533366 ],\n",
       "       [ 0.59575801,  1.83300887,  0.30966371,  0.67539312,  0.74340249],\n",
       "       [ 0.65497977,  1.06120646, 18.90841285,  0.3384852 ,  0.41965865],\n",
       "       [ 0.13572043,  1.09279248,  1.06211234,  3.85832963,  0.32891539],\n",
       "       [ 0.31384584,  0.3671334 ,  1.47985866,  0.25450782,  0.79845103],\n",
       "       [ 1.28794034,  1.21744572,  1.22913829,  2.19607686,  1.45041313],\n",
       "       [ 1.09515386,  1.42598106,  2.60753988,  0.50415011,  3.35997343],\n",
       "       [ 0.53634259,  1.0919658 ,  0.36693225,  2.01573557,  0.21237668],\n",
       "       [ 0.85799896,  0.35390985,  0.2526947 ,  1.08529157,  1.72659977],\n",
       "       [ 0.48160941,  0.64460899,  3.33360369,  0.84995509,  0.26446287],\n",
       "       [ 0.73446757,  2.8914281 ,  1.94911626,  0.90570072,  1.01568408],\n",
       "       [ 0.67838555,  0.29034684,  1.45380697,  0.33745359,  0.62237026],\n",
       "       [ 1.63098524,  0.47283586,  0.21401994,  4.58923504,  0.9883858 ],\n",
       "       [ 2.43847777,  0.89152611,  1.79658115,  0.61851213,  0.89005856],\n",
       "       [ 1.09153134,  0.81129519,  0.41388427,  2.77152272,  1.91275424],\n",
       "       [ 0.548265  ,  2.17423742,  1.91841912,  2.97467853,  0.56058944],\n",
       "       [ 0.60260377,  1.07350139,  0.27947276,  0.31686544,  2.07379611],\n",
       "       [ 0.33947533,  0.10488653,  2.04473314,  2.37571066,  3.67372613],\n",
       "       [ 0.5053488 ,  0.62812003,  0.43860353,  2.99063337,  0.72291346],\n",
       "       [ 3.2720728 ,  1.74265512,  0.40801212,  5.30608216,  0.8718911 ],\n",
       "       [ 0.56908201,  5.60475199,  0.46990458,  1.9391575 ,  0.29810432],\n",
       "       [ 4.12759758,  8.83278606,  1.75197787, 18.29634894,  0.26134933],\n",
       "       [ 0.54144381,  0.48609643,  0.878166  ,  0.56214517,  1.77157499],\n",
       "       [ 0.89235783,  0.33798913,  0.35694192,  1.01947534,  0.98858039],\n",
       "       [ 0.60433036,  0.54183125,  0.40028864,  0.28162109,  1.08997781],\n",
       "       [ 0.39834791,  0.75419451,  1.17724656,  1.28155155,  1.45591601]])"
      ]
     },
     "execution_count": 11,
     "metadata": {},
     "output_type": "execute_result"
    }
   ],
   "source": [
    "#To make it all positive\n",
    "expA = np.exp(A)\n",
    "expA"
   ]
  },
  {
   "cell_type": "code",
   "execution_count": 14,
   "id": "6197f11c",
   "metadata": {
    "collapsed": true
   },
   "outputs": [
    {
     "data": {
      "text/plain": [
       "array([[ 8.08810418],\n",
       "       [ 3.78384655],\n",
       "       [ 3.97693539],\n",
       "       [ 7.54700119],\n",
       "       [ 8.83449799],\n",
       "       [ 8.69080296],\n",
       "       [14.10769183],\n",
       "       [ 8.87097258],\n",
       "       [13.38508225],\n",
       "       [16.88109294],\n",
       "       [11.74598818],\n",
       "       [ 6.56075369],\n",
       "       [ 6.40619786],\n",
       "       [ 6.10747882],\n",
       "       [ 4.21719823],\n",
       "       [ 1.73869347],\n",
       "       [ 2.50473428],\n",
       "       [ 1.67118227],\n",
       "       [ 9.03288114],\n",
       "       [ 5.35519867],\n",
       "       [11.78668861],\n",
       "       [11.65101964],\n",
       "       [ 7.10900593],\n",
       "       [ 4.6043476 ],\n",
       "       [ 7.12410461],\n",
       "       [ 4.8218298 ],\n",
       "       [ 8.30648149],\n",
       "       [ 3.14652961],\n",
       "       [ 4.24386185],\n",
       "       [10.48252548],\n",
       "       [ 6.81370902],\n",
       "       [ 3.56598855],\n",
       "       [ 5.56914596],\n",
       "       [ 3.52402907],\n",
       "       [ 4.55534879],\n",
       "       [ 5.47822032],\n",
       "       [ 8.64832018],\n",
       "       [ 6.3039148 ],\n",
       "       [ 5.37650122],\n",
       "       [ 8.19321028],\n",
       "       [ 5.62542972],\n",
       "       [ 5.33368862],\n",
       "       [ 8.17811268],\n",
       "       [ 8.62291998],\n",
       "       [10.64366253],\n",
       "       [ 6.59999775],\n",
       "       [17.88519304],\n",
       "       [20.48178022],\n",
       "       [ 8.17567209],\n",
       "       [ 2.42407586],\n",
       "       [ 9.50636819],\n",
       "       [10.57255615],\n",
       "       [14.16063324],\n",
       "       [ 2.5772628 ],\n",
       "       [ 6.69872591],\n",
       "       [ 4.44887648],\n",
       "       [ 5.34953393],\n",
       "       [ 7.90487496],\n",
       "       [10.20659566],\n",
       "       [ 5.86779944],\n",
       "       [ 7.40178609],\n",
       "       [10.06483679],\n",
       "       [ 7.36583309],\n",
       "       [14.46541446],\n",
       "       [ 1.96254301],\n",
       "       [ 9.20841749],\n",
       "       [ 4.57286886],\n",
       "       [11.58998526],\n",
       "       [12.23612382],\n",
       "       [ 7.76636878],\n",
       "       [ 6.96280263],\n",
       "       [11.61496444],\n",
       "       [ 6.49832112],\n",
       "       [ 7.03528166],\n",
       "       [ 8.92420302],\n",
       "       [ 4.15722621],\n",
       "       [21.38274294],\n",
       "       [ 6.47787028],\n",
       "       [ 3.21379676],\n",
       "       [ 7.38101433],\n",
       "       [ 8.99279833],\n",
       "       [ 4.22335289],\n",
       "       [ 4.27649486],\n",
       "       [ 5.57424005],\n",
       "       [ 7.49639674],\n",
       "       [ 3.38236321],\n",
       "       [ 7.89546188],\n",
       "       [ 6.63515572],\n",
       "       [ 7.00098777],\n",
       "       [ 8.1761895 ],\n",
       "       [ 4.34623947],\n",
       "       [ 8.53853179],\n",
       "       [ 5.28561919],\n",
       "       [11.60071329],\n",
       "       [ 8.88100039],\n",
       "       [33.27005978],\n",
       "       [ 4.2394264 ],\n",
       "       [ 3.59534462],\n",
       "       [ 2.91804914],\n",
       "       [ 5.06725654]])"
      ]
     },
     "execution_count": 14,
     "metadata": {},
     "output_type": "execute_result"
    }
   ],
   "source": [
    "expA.sum(axis=1, keepdims=True)"
   ]
  },
  {
   "cell_type": "code",
   "execution_count": 21,
   "id": "b495f100",
   "metadata": {},
   "outputs": [
    {
     "data": {
      "text/plain": [
       "(100,)"
      ]
     },
     "execution_count": 21,
     "metadata": {},
     "output_type": "execute_result"
    }
   ],
   "source": [
    "expA.sum(axis=1).shape"
   ]
  },
  {
   "cell_type": "code",
   "execution_count": 22,
   "id": "7816138e",
   "metadata": {},
   "outputs": [
    {
     "data": {
      "text/plain": [
       "(100, 1)"
      ]
     },
     "execution_count": 22,
     "metadata": {},
     "output_type": "execute_result"
    }
   ],
   "source": [
    "expA.sum(axis=1, keepdims=True).shape"
   ]
  },
  {
   "cell_type": "code",
   "execution_count": 23,
   "id": "58cd2537",
   "metadata": {},
   "outputs": [
    {
     "data": {
      "text/plain": [
       "array([[0.34491623, 0.09782819, 0.46201524, 0.02217711, 0.07306323],\n",
       "       [0.23958759, 0.20479419, 0.20532509, 0.19979425, 0.15049888],\n",
       "       [0.06431623, 0.57909037, 0.1260917 , 0.05892537, 0.17157633],\n",
       "       [0.02491687, 0.10936885, 0.0272305 , 0.19641791, 0.64206588],\n",
       "       [0.47578493, 0.0361265 , 0.17472878, 0.23008729, 0.0832725 ],\n",
       "       [0.03664203, 0.29767608, 0.36190557, 0.11907336, 0.18470297],\n",
       "       [0.01922524, 0.14397382, 0.29749084, 0.05929163, 0.48001848],\n",
       "       [0.16895451, 0.34512761, 0.3343024 , 0.02901218, 0.12260329],\n",
       "       [0.01264164, 0.09885874, 0.02194626, 0.08906947, 0.77748389],\n",
       "       [0.66460641, 0.08044336, 0.1101336 , 0.10510697, 0.03970966],\n",
       "       [0.49264057, 0.01482282, 0.09154375, 0.30806986, 0.092923  ],\n",
       "       [0.1750622 , 0.04345821, 0.31536608, 0.26524623, 0.20086728],\n",
       "       [0.03517766, 0.22551111, 0.1541178 , 0.55950093, 0.02569249],\n",
       "       [0.08750653, 0.03224097, 0.1007788 , 0.30791349, 0.4715602 ],\n",
       "       [0.07635291, 0.22468955, 0.32464761, 0.12417581, 0.25013412],\n",
       "       [0.18641808, 0.20025667, 0.13334643, 0.19903863, 0.28094018],\n",
       "       [0.12060127, 0.04470433, 0.10745478, 0.42987219, 0.29736743],\n",
       "       [0.32432368, 0.12037025, 0.08436947, 0.22273528, 0.24820132],\n",
       "       [0.07850892, 0.5528817 , 0.10024524, 0.03119329, 0.23717085],\n",
       "       [0.29009876, 0.23624124, 0.13489642, 0.26263981, 0.07612377],\n",
       "       [0.04750782, 0.35522798, 0.02424138, 0.41222291, 0.16079991],\n",
       "       [0.57670381, 0.04641429, 0.01510198, 0.28722506, 0.07455486],\n",
       "       [0.10674652, 0.14231578, 0.21098962, 0.05339461, 0.48655348],\n",
       "       [0.25934712, 0.10454498, 0.23843513, 0.1248052 , 0.27286756],\n",
       "       [0.06169149, 0.10776108, 0.2067437 , 0.08487219, 0.53893155],\n",
       "       [0.08279189, 0.28088755, 0.13491364, 0.41954571, 0.08186122],\n",
       "       [0.17432095, 0.07262419, 0.29138668, 0.36022088, 0.10144729],\n",
       "       [0.39216598, 0.25211635, 0.03236384, 0.12017991, 0.20317393],\n",
       "       [0.48376845, 0.08669898, 0.17332065, 0.16064788, 0.09556404],\n",
       "       [0.15142514, 0.21390778, 0.2932554 , 0.07333843, 0.26807325],\n",
       "       [0.18000273, 0.02796223, 0.60647518, 0.09161483, 0.09394503],\n",
       "       [0.33743341, 0.03046968, 0.30728579, 0.20865965, 0.11615147],\n",
       "       [0.10713029, 0.06826271, 0.33610118, 0.13107021, 0.35743561],\n",
       "       [0.11150679, 0.11554683, 0.12907661, 0.08731298, 0.55655678],\n",
       "       [0.11646447, 0.12689416, 0.16381138, 0.08577582, 0.50705417],\n",
       "       [0.07867158, 0.0869012 , 0.1623237 , 0.18934745, 0.48275608],\n",
       "       [0.6311036 , 0.10169148, 0.05177487, 0.07094989, 0.14448016],\n",
       "       [0.15607143, 0.20232206, 0.45506264, 0.05419509, 0.13234878],\n",
       "       [0.19059622, 0.1667063 , 0.0374644 , 0.4988107 , 0.10642238],\n",
       "       [0.02810012, 0.47352398, 0.26301536, 0.13333403, 0.10202651],\n",
       "       [0.3906785 , 0.1282443 , 0.14525663, 0.28303978, 0.05278079],\n",
       "       [0.3032022 , 0.11841319, 0.35715807, 0.05725104, 0.1639755 ],\n",
       "       [0.02623167, 0.58750152, 0.10736827, 0.07105066, 0.20784788],\n",
       "       [0.16541374, 0.13596654, 0.39622228, 0.17541473, 0.12698271],\n",
       "       [0.07702228, 0.33123262, 0.26529221, 0.19584966, 0.13060323],\n",
       "       [0.29108906, 0.12986123, 0.10353628, 0.23957991, 0.23593352],\n",
       "       [0.01509717, 0.13540686, 0.05559643, 0.15819383, 0.63570571],\n",
       "       [0.10071212, 0.2496391 , 0.37907871, 0.07806797, 0.19250211],\n",
       "       [0.04621372, 0.58930999, 0.08792678, 0.11189885, 0.16465067],\n",
       "       [0.33017139, 0.17826934, 0.21497247, 0.1998483 , 0.07673849],\n",
       "       [0.10874522, 0.03628582, 0.06188096, 0.67083107, 0.12225693],\n",
       "       [0.08375237, 0.01330251, 0.08773458, 0.08527813, 0.72993241],\n",
       "       [0.14240863, 0.02882687, 0.57067086, 0.17151061, 0.08658302],\n",
       "       [0.28548719, 0.03868199, 0.20883403, 0.19994752, 0.26704928],\n",
       "       [0.27674944, 0.14469193, 0.19874436, 0.13253666, 0.2472776 ],\n",
       "       [0.11695138, 0.45402335, 0.16667327, 0.07566015, 0.18669185],\n",
       "       [0.31210509, 0.26133441, 0.1972347 , 0.1608523 , 0.06847349],\n",
       "       [0.10127807, 0.09335746, 0.40089434, 0.3803787 , 0.02409143],\n",
       "       [0.18354591, 0.20322928, 0.26053196, 0.13492009, 0.21777276],\n",
       "       [0.08285307, 0.50023303, 0.05940988, 0.03747301, 0.32003101],\n",
       "       [0.38608123, 0.29731607, 0.02962335, 0.27734488, 0.00963447],\n",
       "       [0.27555042, 0.06286749, 0.50240749, 0.11827915, 0.04089546],\n",
       "       [0.01979842, 0.01463331, 0.7677292 , 0.04318519, 0.15465388],\n",
       "       [0.02606876, 0.67242781, 0.16752725, 0.05029236, 0.08368382],\n",
       "       [0.14994419, 0.17253662, 0.40591838, 0.20948774, 0.06211307],\n",
       "       [0.49987187, 0.16099978, 0.07053245, 0.1745573 , 0.0940386 ],\n",
       "       [0.20377181, 0.06771829, 0.179094  , 0.49599319, 0.05342271],\n",
       "       [0.09138455, 0.22720618, 0.08317042, 0.4746044 , 0.12363445],\n",
       "       [0.01863641, 0.07830739, 0.06961377, 0.79563087, 0.03781155],\n",
       "       [0.09610138, 0.15869359, 0.10947518, 0.03673756, 0.59899229],\n",
       "       [0.05923274, 0.25301228, 0.23721802, 0.33688234, 0.11365462],\n",
       "       [0.19364781, 0.34298829, 0.13546316, 0.18570764, 0.1421931 ],\n",
       "       [0.17243724, 0.12170536, 0.20315041, 0.41340154, 0.08930545],\n",
       "       [0.06234706, 0.29302501, 0.22278789, 0.25587724, 0.1659628 ],\n",
       "       [0.02146384, 0.15077302, 0.07198818, 0.45845579, 0.29731917],\n",
       "       [0.14330661, 0.44092113, 0.07448806, 0.16246244, 0.17882176],\n",
       "       [0.03063123, 0.04962911, 0.88428378, 0.01582983, 0.01962604],\n",
       "       [0.0209514 , 0.16869626, 0.16396011, 0.595617  , 0.05077524],\n",
       "       [0.09765578, 0.11423666, 0.46047052, 0.07919226, 0.24844478],\n",
       "       [0.17449368, 0.16494287, 0.16652702, 0.2975305 , 0.19650594],\n",
       "       [0.12178121, 0.15856922, 0.28995867, 0.05606154, 0.37362935],\n",
       "       [0.1269945 , 0.25855424, 0.08688174, 0.47728324, 0.05028627],\n",
       "       [0.20063136, 0.08275699, 0.05908921, 0.25378063, 0.40374181],\n",
       "       [0.08639912, 0.11564069, 0.59803734, 0.1524791 , 0.04744375],\n",
       "       [0.09797608, 0.38570905, 0.26000709, 0.12081814, 0.13548964],\n",
       "       [0.20056555, 0.08584141, 0.42981989, 0.09976858, 0.18400456],\n",
       "       [0.20657249, 0.05988704, 0.0271067 , 0.58124972, 0.12518404],\n",
       "       [0.36750875, 0.13436401, 0.27076699, 0.09321743, 0.13414283],\n",
       "       [0.15591105, 0.11588296, 0.05911798, 0.39587596, 0.27321205],\n",
       "       [0.0670563 , 0.26592307, 0.23463486, 0.36382211, 0.06856366],\n",
       "       [0.13864946, 0.24699545, 0.0643022 , 0.07290566, 0.47714723],\n",
       "       [0.03975805, 0.01228391, 0.23947128, 0.27823409, 0.43025267],\n",
       "       [0.09560825, 0.11883566, 0.08298054, 0.56580568, 0.13676987],\n",
       "       [0.2820579 , 0.15021965, 0.0351713 , 0.45739275, 0.0751584 ],\n",
       "       [0.06407859, 0.63109467, 0.05291122, 0.21834899, 0.03356652],\n",
       "       [0.12406343, 0.26548753, 0.05265929, 0.54993436, 0.00785539],\n",
       "       [0.12771629, 0.1146609 , 0.20714265, 0.13259935, 0.41788082],\n",
       "       [0.24819814, 0.09400744, 0.09927892, 0.28355428, 0.27496123],\n",
       "       [0.20710082, 0.1856827 , 0.1371768 , 0.09651006, 0.37352963],\n",
       "       [0.07861215, 0.14883685, 0.23232425, 0.25290836, 0.28731839]])"
      ]
     },
     "execution_count": 23,
     "metadata": {},
     "output_type": "execute_result"
    }
   ],
   "source": [
    "answer = expA / expA.sum(axis=1, keepdims=True)\n",
    "answer"
   ]
  },
  {
   "cell_type": "code",
   "execution_count": 17,
   "id": "68028124",
   "metadata": {},
   "outputs": [
    {
     "data": {
      "text/plain": [
       "array([1., 1., 1., 1., 1., 1., 1., 1., 1., 1., 1., 1., 1., 1., 1., 1., 1.,\n",
       "       1., 1., 1., 1., 1., 1., 1., 1., 1., 1., 1., 1., 1., 1., 1., 1., 1.,\n",
       "       1., 1., 1., 1., 1., 1., 1., 1., 1., 1., 1., 1., 1., 1., 1., 1., 1.,\n",
       "       1., 1., 1., 1., 1., 1., 1., 1., 1., 1., 1., 1., 1., 1., 1., 1., 1.,\n",
       "       1., 1., 1., 1., 1., 1., 1., 1., 1., 1., 1., 1., 1., 1., 1., 1., 1.,\n",
       "       1., 1., 1., 1., 1., 1., 1., 1., 1., 1., 1., 1., 1., 1., 1.])"
      ]
     },
     "execution_count": 17,
     "metadata": {},
     "output_type": "execute_result"
    }
   ],
   "source": [
    "answer.sum(axis=1)"
   ]
  },
  {
   "cell_type": "code",
   "execution_count": null,
   "id": "68f915a3",
   "metadata": {},
   "outputs": [],
   "source": []
  }
 ],
 "metadata": {
  "kernelspec": {
   "display_name": "Python 3 (ipykernel)",
   "language": "python",
   "name": "python3"
  },
  "language_info": {
   "codemirror_mode": {
    "name": "ipython",
    "version": 3
   },
   "file_extension": ".py",
   "mimetype": "text/x-python",
   "name": "python",
   "nbconvert_exporter": "python",
   "pygments_lexer": "ipython3",
   "version": "3.11.4"
  }
 },
 "nbformat": 4,
 "nbformat_minor": 5
}
